   0.0000000e+00   8.9313455e-01   0.0000000e+00   1.7352488e+00
   5.0770734e-05   8.9313455e-01  -9.0690194e-06   1.7352488e+00
   3.0462440e-04   8.9313448e-01  -5.4414121e-05   1.7352477e+00
   1.5738928e-03   8.9313260e-01  -2.8114021e-04   1.7352188e+00
   7.9202345e-03   8.9308513e-01  -1.4148453e-03   1.7344906e+00
   3.0896139e-02   8.9238317e-01  -5.5235219e-03   1.7237489e+00
   6.7175122e-02   8.8959877e-01  -1.2046650e-02   1.6815806e+00
   1.1491497e-01   8.8290467e-01  -2.0760175e-02   1.5830178e+00
   1.7465423e-01   8.7002690e-01  -3.1991260e-02   1.4043943e+00
   2.4455161e-01   8.4946435e-01  -4.5750776e-02   1.1481695e+00
   3.1059420e-01   8.2571259e-01  -5.9461214e-02   8.9432037e-01
   3.7605307e-01   7.9917241e-01  -7.3748396e-02   6.6039937e-01
   4.4457411e-01   7.6932576e-01  -8.9397902e-02   4.5388655e-01
   5.2153751e-01   7.3450719e-01  -1.0770008e-01   2.7810356e-01
   6.1930094e-01   6.8990759e-01  -1.3179522e-01   1.3385484e-01
   7.1952893e-01   6.4506435e-01  -1.5717241e-01   5.5775143e-02
   8.1005482e-01   6.0601140e-01  -1.8043657e-01   2.3033187e-02
   8.8451828e-01   5.7514336e-01  -1.9968886e-01   1.0583514e-02
   9.5898174e-01   5.4548523e-01  -2.1896376e-01   4.5879336e-03
   1.0042141e+00   5.2806814e-01  -2.3065730e-01   2.7379877e-03
   1.0394688e+00   5.1480695e-01  -2.3975378e-01   1.8125773e-03
   1.0747235e+00   5.0181929e-01  -2.4882907e-01   1.1878157e-03
   1.1063874e+00   4.9038602e-01  -2.5695787e-01   8.0620260e-04
   1.1365257e+00   4.7970550e-01  -2.6467237e-01   5.5359079e-04
   1.1679257e+00   4.6878555e-01  -2.7268320e-01   3.7140217e-04
   1.2032045e+00   4.5676698e-01  -2.8164749e-01   2.3493618e-04
   1.2440643e+00   4.4317424e-01  -2.9197695e-01   1.3638786e-04
   1.2934122e+00   4.2721906e-01  -3.0436811e-01   6.9139138e-05
   1.3583803e+00   4.0696818e-01  -3.2052517e-01   2.6537481e-05
   1.4268815e+00   3.8652246e-01  -3.3734692e-01   9.1528845e-06
   1.4953828e+00   3.6698083e-01  -3.5392668e-01   3.0273753e-06
   1.6327005e+00   3.3041871e-01  -3.8635446e-01  -1.2642777e-06
   1.7700182e+00   2.9715175e-01  -4.1759071e-01   6.7108031e-07
   1.9286404e+00   2.6252519e-01  -4.5205319e-01  -8.0420994e-07
   2.0976938e+00   2.2973285e-01  -4.8674922e-01   1.4437777e-06
   2.2426708e+00   2.0468641e-01  -5.1477081e-01  -1.6225905e-06
   2.3656771e+00   1.8546739e-01  -5.3727304e-01   9.9918162e-07
   2.4907415e+00   1.6768185e-01  -5.5895434e-01  -7.2616783e-07
   2.6318911e+00   1.4955657e-01  -5.8198878e-01   9.4364317e-07
   2.7745719e+00   1.3314536e-01  -6.0375539e-01  -1.3705762e-06
   2.9011897e+00   1.2004196e-01  -6.2182768e-01   1.3084165e-06
   3.0177855e+00   1.0908201e-01  -6.3746787e-01  -9.2096272e-07
   3.1396530e+00   9.8662942e-02  -6.5282468e-01   8.2184063e-07
   3.2711049e+00   8.8507607e-02  -6.6829909e-01  -1.0399126e-06
   3.4001584e+00   7.9530653e-02  -6.8243949e-01   1.2676755e-06
   3.5190239e+00   7.2052512e-02  -6.9458574e-01  -1.1387186e-06
   3.6340778e+00   6.5471112e-02  -7.0558011e-01   9.1482491e-07
   3.7543358e+00   5.9221881e-02  -7.1631052e-01  -9.0845665e-07
   3.8793805e+00   5.3345012e-02  -7.2668701e-01   1.0812014e-06
   4.0010503e+00   4.8178424e-02  -7.3606224e-01  -1.1757630e-06
   4.1166974e+00   4.3725537e-02  -7.4435223e-01   1.0548311e-06
   4.2316049e+00   3.9703368e-02  -7.5202446e-01  -9.3581907e-07
   4.3504835e+00   3.5926250e-02  -7.5940455e-01   9.7033970e-07
   4.4712406e+00   3.2452806e-02  -7.6635663e-01  -1.0865194e-06
   4.5889544e+00   2.9386772e-02  -7.7263867e-01   1.1092577e-06
   4.7034058e+00   2.6680719e-02  -7.7830809e-01  -1.0182049e-06
   4.8184141e+00   2.4209845e-02  -7.8359752e-01   9.6289365e-07
   4.9360233e+00   2.1917175e-02  -7.8861150e-01  -1.0073952e-06
   5.0539929e+00   1.9833393e-02  -7.9326629e-01   1.0755173e-06
   5.1696689e+00   1.7980730e-02  -7.9749092e-01  -1.0666918e-06
   5.2837830e+00   1.6321036e-02  -8.0135140e-01   1.0060924e-06
   5.3988123e+00   1.4801482e-02  -8.0495515e-01  -9.8662416e-07
   5.5153409e+00   1.3404827e-02  -8.0833174e-01   1.0258652e-06
   5.6315718e+00   1.2141650e-02  -8.1144409e-01  -1.0604715e-06
   5.7462634e+00   1.1010639e-02  -8.1428273e-01   1.0419646e-06
   5.8603541e+00   9.9888992e-03  -8.1689357e-01  -1.0055067e-06
   5.9752902e+00   9.0542581e-03  -8.1932437e-01   1.0039380e-06
   6.0909756e+00   8.2006796e-03  -8.2158343e-01  -1.0327933e-06
   6.2061726e+00   7.4295631e-03  -8.2365958e-01   1.0471027e-06
   6.3204331e+00   6.7353071e-03  -8.2556040e-01  -1.0290167e-06
   6.4345779e+00   6.1054887e-03  -8.2731331e-01   1.0093309e-06
   6.5493539e+00   5.5305415e-03  -8.2893958e-01  -1.0149923e-06
   6.6644294e+00   5.0074166e-03  -8.3044306e-01   1.0336658e-06
   6.7790444e+00   4.5345811e-03  -8.3182349e-01  -1.0372050e-06
   6.8931450e+00   4.1072283e-03  -8.3309044e-01   1.0231589e-06
   7.0073344e+00   3.7188928e-03  -8.3425921e-01  -1.0139817e-06
   7.1219349e+00   3.3650824e-03  -8.3534002e-01   1.0212160e-06
   7.2365976e+00   3.0437967e-03  -8.3633598e-01  -1.0319898e-06
   7.3509057e+00   2.7530594e-03  -8.3725031e-01   1.0307036e-06
   7.4649659e+00   2.4896748e-03  -8.3809043e-01  -1.0211761e-06
   7.5791712e+00   2.2502231e-03  -8.3886491e-01   1.0179316e-06
   7.6936138e+00   2.0324077e-03  -8.3957913e-01  -1.0242237e-06
   7.8080138e+00   1.8347613e-03  -8.4023604e-01   1.0296810e-06
   7.9221732e+00   1.6557233e-03  -8.4083905e-01  -1.0268491e-06
   8.0000000e+00   1.5432131e-03  -8.4122220e-01   8.5128177e-08
